ID	NC_037638.1:12512746	NC_037638.1:20319023	NC_037638.1:24296190	NC_037638.1:26029957	NC_037638.1:26030021	NC_037638.1:26030039	NC_037638.1:26030192	NC_037638.1:7220182	NC_037638.1:9948588	NC_037639.1:12975037	NC_037639.1:5451985	NC_037639.1:5460397	NC_037639.1:5489536	NC_037639.1:5501183	NC_037639.1:5549018	NC_037639.1:5606974	NC_037639.1:5629961	NC_037639.1:6635380	NC_037639.1:6636310	NC_037639.1:6636402	NC_037639.1:6636660	NC_037639.1:7439851	NC_037639.1:7869450	NC_037639.1:7922943	NC_037639.1:7972409	NC_037640.1:10379389	NC_037641.1:1186618	NC_037641.1:3252367	NC_037641.1:3253652	NC_037641.1:6953621	NC_037643.1:14651200	NC_037643.1:14669642	NC_037643.1:15782724	NC_037643.1:3622563	NC_037643.1:3690252	NC_037643.1:3715834	NC_037643.1:3909580	NC_037643.1:4088208	NC_037643.1:5934704	NC_037644.1:11447146	NC_037644.1:11903986	NC_037644.1:12022005	NC_037644.1:2382089	NC_037644.1:2382630	NC_037644.1:2752285	NC_037644.1:2753183	NC_037644.1:2753570	NC_037644.1:7325209	NC_037644.1:9400200	NC_037645.1:3558688	NC_037645.1:5988867	NC_037645.1:6030899	NC_037645.1:686099	NC_037645.1:686143	NC_037645.1:686601	NC_037645.1:686789	NC_037645.1:687251	NC_037645.1:8760228	NC_037646.1:8616668	NC_037646.1:8616810	NC_037646.1:8616929	NC_037647.1:5097998	NC_037647.1:7346617	NC_037647.1:7425048	NC_037647.1:8641555	NC_037648.1:15947205	NC_037648.1:9801085	NC_037649.1:10490005	NC_037649.1:8435932	NC_037649.1:8908334	NC_037650.1:3101514	NC_037650.1:3143196	NC_037650.1:482035	NC_037650.1:4835700	NC_037650.1:5096761	NC_037651.1:1586515	NC_037652.1:3666549	NC_037652.1:3747558	NC_037652.1:8754355	NC_037653.1:6438086	NW_020555824.1:1777
Allen1	0	0	1	0	0	0	1	0	0	0	0	0	0	0	0	0	0	0	0	0	0	0	0	0	1	0	1	1	0	1	0	0	0	0	0	0	0	0	0	0	0	0	1	1	1	1	1	0	0	2	0	1	0	0	0	0	0	0	0	2	2	0	0	0	0	0	0	0	1	0	0	0	0	0	0	0	0	0	0	1	0
Allen2	0	0	1	0	0	0	1	0	0	0	0	0	0	0	0	0	0	0	0	0	0	0	0	0	2	0	1	0	1	0	0	0	0	0	0	0	0	0	0	0	0	0	0	1	0	0	0	0	0	2	0	0	0	0	0	0	1	0	0	2	2	0	0	0	0	0	0	0	0	0	0	0	1	0	1	0	0	0	0	1	0
AV4_2	0	0	1	1	1	0	1	0	0	1	0	0	0	0	0	0	0	0	0	0	0	0	2	0	1	0	1	0	0	1	0	2	0	0	0	0	0	0	1	0	0	0	0	0	1	1	0	0	0	1	0	0	0	1	0	1	1	0	0	0	1	0	1	0	0	0	0	0	0	0	0	0	1	0	1	1	0	0	0	1	0
BB4	1	0	0	0	0	0	0	0	0	0	1	1	1	1	1	2	1	0	0	0	0	2	1	1	2	1	0	1	0	0	1	2	1	0	1	1	1	1	0	0	0	2	0	0	0	1	1	0	0	0	1	2	2	1	1	1	1	0	0	0	0	0	0	0	0	1	0	1	0	0	0	0	1	1	0	2	0	1	0	1	0
BB5	1	0	0	0	1	1	1	0	1	1	1	0	0	1	1	0	1	0	0	0	0	0	2	1	2	1	0	1	0	0	1	2	1	0	1	1	1	1	0	0	0	1	0	0	0	0	0	0	0	0	2	1	0	0	0	0	0	0	0	0	0	0	2	1	0	0	0	0	0	1	0	0	1	0	0	0	0	1	0	1	0
BB6	1	0	2	0	0	0	0	0	0	1	0	0	0	0	0	1	0	1	1	1	0	1	2	1	2	1	0	0	0	0	1	2	0	0	0	0	0	0	0	0	0	2	0	0	1	2	2	2	0	0	1	1	1	1	1	1	1	0	0	0	0	0	0	0	0	0	0	1	0	1	0	0	1	1	0	1	1	0	0	1	0
BB7	0	0	0	0	1	0	1	0	1	2	1	1	1	1	1	0	1	1	1	1	0	0	2	1	2	0	0	1	0	0	0	1	1	0	1	1	2	1	2	0	0	1	0	1	0	2	2	0	0	1	2	0	0	0	0	0	0	0	0	2	1	0	0	0	1	0	0	1	0	1	0	0	1	0	0	1	1	2	0	1	0
BB8	0	0	1	1	1	0	2	0	1	0	0	0	0	0	0	0	0	1	1	0	0	0	2	0	0	1	0	1	2	0	1	1	0	0	0	0	0	0	1	0	0	1	0	1	1	2	2	0	0	0	2	1	0	0	0	0	1	0	0	1	1	0	0	0	0	1	0	1	0	0	0	0	1	0	0	0	1	0	0	1	0
BigIsland1	0	0	0	2	2	1	1	2	0	0	0	0	0	0	0	0	0	1	0	0	0	0	0	0	2	0	1	0	1	0	0	0	0	0	0	0	0	0	0	0	1	0	0	1	0	1	1	0	0	1	0	0	2	1	1	1	1	0	0	2	2	0	1	0	0	0	0	0	1	0	0	0	1	0	0	0	0	0	0	1	0
BigIsland2	0	0	0	1	1	0	1	1	0	0	0	0	0	0	0	0	0	1	1	1	0	0	0	0	0	0	1	0	0	0	0	0	0	0	0	0	0	0	0	0	1	0	0	1	0	1	1	0	0	2	0	0	1	1	1	1	1	0	0	2	2	0	0	0	1	0	1	0	1	0	0	0	1	0	0	0	0	0	0	1	0
BO1	1	0	1	1	2	0	1	0	1	0	1	1	0	1	1	2	1	0	0	0	0	0	2	0	0	1	1	1	0	0	1	1	1	0	0	0	0	0	0	0	0	0	0	1	0	0	0	2	0	1	0	2	0	0	1	1	1	1	0	1	1	1	0	0	1	0	1	0	0	1	0	0	1	0	0	0	1	2	0	0	0
BO4	1	0	1	1	1	0	0	2	1	1	1	1	1	1	1	1	2	0	1	0	0	0	1	0	0	0	0	1	0	0	0	1	0	0	0	0	0	0	0	0	0	0	0	0	0	0	0	2	0	1	0	1	0	0	1	1	1	1	0	1	1	0	0	0	0	0	0	0	0	1	0	0	1	0	0	0	1	1	0	1	0
BR1	1	0	2	1	1	0	0	2	2	2	0	0	0	0	1	0	0	1	1	1	0	0	2	0	1	1	0	1	0	0	2	2	0	0	1	1	0	0	0	0	0	1	0	0	1	2	0	2	0	0	0	1	0	0	0	0	0	0	1	2	2	0	2	1	0	0	0	0	0	0	1	0	1	0	0	2	1	0	0	1	0
BR2	1	0	2	1	2	2	2	1	0	1	1	1	1	1	2	1	2	2	2	1	1	0	2	0	0	0	0	1	0	0	1	2	0	0	0	0	0	0	1	2	2	0	0	1	1	2	0	0	0	1	0	1	0	1	0	1	0	0	0	2	2	0	1	1	0	0	2	0	0	1	1	0	1	0	0	1	0	1	0	1	0
BR3	2	0	1	1	1	0	0	0	1	2	1	1	1	0	2	0	0	1	0	0	0	0	1	0	1	1	0	2	0	0	1	2	0	0	1	1	0	0	0	0	0	2	0	1	1	2	0	2	0	0	0	1	0	0	0	0	0	0	1	2	2	0	0	0	0	1	0	0	0	1	0	0	1	0	0	2	0	1	1	1	1
BR4	1	0	0	0	1	1	1	0	2	2	0	0	0	0	2	1	0	1	1	1	0	1	2	0	0	1	0	0	0	0	1	2	0	0	2	0	1	0	1	1	0	1	0	1	0	1	0	1	0	1	0	0	0	0	0	0	0	0	0	0	1	0	2	0	0	0	2	0	0	0	1	0	1	1	0	2	0	1	0	1	0
BR5	2	0	2	0	1	1	1	2	1	2	0	0	0	0	2	0	0	0	0	0	0	0	0	1	0	1	0	1	0	0	1	1	0	0	1	0	0	0	1	0	0	2	0	1	2	2	0	2	0	1	0	1	1	1	1	1	1	0	1	2	1	0	0	1	1	1	0	0	0	2	0	0	1	1	0	2	2	0	0	1	0
BR6	2	0	2	2	2	0	0	0	2	1	1	1	2	1	2	1	2	0	0	0	0	0	2	0	1	1	0	1	0	0	1	2	0	0	0	0	0	0	0	2	0	0	0	0	0	0	0	2	0	1	0	1	0	0	0	0	0	0	0	0	1	0	0	0	0	1	2	0	0	0	0	0	0	0	0	1	1	0	0	1	0
BR7	2	0	2	1	2	1	1	1	2	1	1	1	1	1	2	1	2	0	0	0	0	0	2	1	2	0	0	1	0	0	1	2	0	0	0	0	0	0	0	2	0	0	0	0	1	1	0	0	0	1	0	1	0	0	0	0	0	0	0	1	0	0	1	1	0	0	2	1	0	1	0	0	1	0	0	1	0	1	0	1	2
BR8	1	0	2	1	1	0	0	2	0	2	0	0	0	0	1	1	0	0	0	0	0	1	2	0	0	1	0	1	0	1	1	2	0	0	2	0	1	0	2	2	2	0	0	0	0	0	1	1	0	0	0	0	0	0	0	0	0	0	2	2	2	0	2	1	0	0	2	1	0	1	0	0	1	0	0	2	1	1	0	1	0
BT10	1	0	0	1	1	0	0	0	0	2	1	1	1	1	1	1	0	2	1	1	1	0	2	0	0	0	0	0	2	1	0	2	1	0	1	0	0	0	0	0	0	1	0	0	0	1	1	2	0	0	0	1	0	2	2	2	2	1	0	2	0	0	2	0	0	0	0	0	0	1	1	0	1	1	0	0	0	2	0	1	0
BT11	2	0	1	1	1	0	0	1	1	2	0	0	0	0	1	0	0	1	1	1	0	0	2	1	1	0	0	0	0	0	0	1	1	0	2	0	1	0	1	1	1	0	0	1	1	1	0	2	0	0	0	0	0	0	0	0	0	0	1	2	1	0	1	1	2	1	0	0	0	2	1	0	1	0	0	1	1	0	2	1	0
BT12	2	0	1	1	1	0	0	0	1	1	1	1	1	1	1	1	0	2	2	1	1	0	2	0	0	0	0	0	0	0	0	2	1	0	1	0	0	0	0	1	0	1	0	1	0	0	0	0	0	0	0	2	0	2	0	2	2	1	0	2	0	0	2	1	1	0	0	0	0	1	1	0	1	1	0	0	0	1	0	1	0
BT7	1	0	1	0	1	0	0	1	1	1	0	0	0	0	1	0	0	0	0	0	0	0	2	1	1	0	0	0	0	1	0	1	2	0	1	0	2	0	2	0	2	0	0	1	2	2	1	2	0	0	0	1	0	1	1	1	1	0	2	2	2	0	0	1	2	1	0	0	1	2	1	0	1	0	0	1	1	0	1	1	0
BT9	2	0	1	2	2	0	0	1	1	1	0	0	0	0	0	0	0	1	1	1	0	2	1	0	0	0	0	1	1	2	0	0	1	0	0	0	0	0	0	2	0	1	0	1	0	1	1	2	0	2	0	1	0	1	1	1	1	0	1	1	1	0	0	0	0	0	0	0	0	1	0	0	1	0	0	1	0	0	0	1	0
BV10_2	0	0	1	1	1	0	1	0	0	0	0	0	0	0	0	0	0	1	1	1	0	0	1	0	0	0	1	1	0	1	0	1	2	0	0	0	0	0	0	0	0	0	0	0	0	0	0	0	0	1	0	0	1	1	1	2	1	0	0	2	2	0	2	0	0	0	0	1	0	0	0	1	1	0	0	0	0	0	0	1	0
BV10_3	0	0	0	2	2	1	1	0	0	0	0	0	0	0	0	0	0	2	1	1	0	0	1	0	0	0	1	0	0	1	0	1	1	0	0	0	0	0	1	1	0	0	0	0	0	1	2	0	0	2	0	0	0	0	0	1	0	0	0	1	1	0	1	0	0	0	2	0	0	0	0	0	1	0	0	0	0	0	0	1	0
BW1	1	0	1	0	0	0	0	1	1	0	1	1	0	1	1	1	2	0	0	0	0	0	1	1	1	0	0	0	0	2	0	1	0	0	0	0	0	0	0	1	0	1	0	1	0	1	1	2	0	2	2	1	0	1	0	1	0	0	0	1	1	0	0	0	0	0	2	0	2	0	0	0	1	0	0	0	1	1	0	1	0
BW3	0	0	0	0	1	1	1	0	1	1	1	1	1	1	1	2	0	1	1	1	1	1	2	1	1	1	1	0	0	1	0	2	0	0	1	0	1	0	2	0	1	0	0	1	0	1	1	1	0	0	0	1	0	1	0	1	0	0	1	1	1	1	2	1	0	0	1	0	1	0	0	0	1	1	0	0	1	0	0	1	0
BW6	0	0	0	1	1	1	0	1	1	1	1	1	0	1	1	2	0	1	1	1	0	0	2	0	2	1	0	0	0	1	0	2	0	0	2	0	0	0	0	1	0	0	0	1	1	1	0	1	0	1	0	1	0	0	0	0	0	0	1	2	2	0	1	0	0	0	0	0	0	0	0	0	1	1	0	0	1	0	0	2	0
BW7	2	0	0	0	0	0	0	0	1	1	2	0	2	1	2	1	0	0	0	0	0	0	0	2	1	0	0	0	0	1	0	2	0	0	1	1	1	0	0	1	0	0	0	1	0	1	1	2	0	1	0	0	1	0	0	0	0	0	0	2	2	0	2	1	0	0	0	0	0	1	0	0	1	0	0	1	1	0	1	1	0
BY1	0	0	1	0	1	1	1	0	1	1	0	0	0	0	0	0	0	1	0	0	0	0	1	0	1	0	1	1	0	0	0	2	1	0	1	0	2	0	1	1	0	1	0	1	0	0	1	1	0	1	2	1	1	2	1	2	1	0	0	2	2	1	0	0	0	0	1	0	0	0	1	0	1	1	1	0	0	1	1	0	0
BY3	1	0	0	0	1	1	1	1	1	1	0	0	0	0	1	0	0	1	0	0	0	1	2	0	0	1	0	0	0	1	0	1	0	0	0	1	2	0	0	0	0	1	0	1	0	1	0	0	0	1	1	1	0	0	0	0	0	0	1	2	1	0	1	0	0	0	0	0	2	0	0	0	1	0	1	1	0	1	0	1	0
BY6	1	0	0	2	2	1	0	2	1	2	0	0	0	0	0	0	0	2	1	1	1	0	2	0	1	1	0	0	0	1	0	0	0	0	1	0	1	0	0	1	0	1	0	1	0	1	0	1	0	0	1	2	0	1	1	1	1	1	0	2	0	0	2	1	0	1	0	0	2	0	0	0	1	2	1	2	0	1	0	1	0
BY7	0	0	0	0	1	1	1	0	1	1	0	0	0	0	0	0	0	1	1	1	0	0	2	0	2	1	0	0	0	0	0	1	0	0	1	0	0	0	0	2	0	1	0	1	0	0	2	0	0	0	1	1	0	1	1	1	1	0	0	2	2	0	1	0	0	1	0	1	2	2	0	1	1	1	0	1	0	0	0	1	0
BY8	1	0	0	2	2	1	0	1	1	2	0	0	0	0	0	0	0	2	0	0	0	0	0	0	0	1	0	0	0	2	0	1	1	0	1	1	1	0	0	1	0	1	0	1	0	0	0	1	1	0	1	2	0	1	1	1	1	1	0	2	0	0	2	1	0	0	0	0	0	0	1	0	1	1	0	2	0	1	2	1	0
Cobey1	0	0	0	0	1	1	1	0	0	1	0	0	0	0	0	0	0	0	0	0	0	0	2	0	0	0	1	0	2	0	0	0	0	0	0	0	0	0	0	0	0	0	0	1	0	0	0	0	0	1	1	1	0	0	0	0	0	0	1	2	2	0	0	0	0	0	0	0	0	0	0	0	1	0	1	0	0	0	0	1	0
Cobey4	0	0	0	0	1	1	1	0	0	0	0	0	0	0	0	0	0	1	1	0	0	0	0	0	0	0	1	0	2	0	0	0	0	0	0	0	0	0	0	0	0	0	0	1	0	0	0	0	0	1	1	1	0	0	0	0	0	0	1	2	2	0	0	0	0	0	0	0	0	0	0	0	1	0	1	0	0	0	0	1	0
G1060.6_1	0	0	0	0	0	0	1	0	0	0	0	0	0	0	0	0	0	1	1	1	1	0	2	0	0	0	1	0	0	0	0	1	0	0	0	0	0	0	0	0	0	0	1	1	1	0	0	0	0	2	0	0	0	1	0	1	1	0	0	1	1	0	0	0	0	0	1	0	0	0	0	0	1	0	0	0	0	0	0	1	1
G1060.6_2	0	0	0	0	0	0	1	0	0	0	0	0	0	0	0	0	0	1	1	1	1	0	1	0	0	0	1	0	0	0	0	0	0	0	0	0	0	0	0	0	0	0	0	1	1	0	0	0	0	2	0	0	0	1	0	1	1	0	0	1	1	0	0	0	0	0	1	0	0	0	0	0	1	0	0	0	0	0	0	1	0
G1179.6_1	0	0	0	0	0	0	1	0	0	0	0	0	0	0	0	0	0	2	1	1	1	0	0	0	0	0	1	1	0	0	0	1	0	0	0	0	0	0	0	0	0	0	0	1	1	0	0	0	0	1	0	0	0	0	0	1	0	0	1	2	2	0	0	0	0	0	0	0	1	0	0	0	1	0	0	0	0	0	0	1	0
G1179.6_2	0	0	0	0	0	0	1	2	0	0	0	0	0	0	0	0	0	0	0	0	0	1	2	0	0	0	1	0	0	0	0	1	0	0	0	0	0	0	0	0	0	0	2	1	1	0	0	0	0	1	0	0	0	0	0	0	0	0	1	2	2	0	0	0	0	0	0	0	0	0	0	0	1	0	0	0	0	0	0	1	0
G1385.6_1	0	0	0	0	0	0	1	0	1	1	0	0	0	0	1	0	0	1	1	1	1	0	2	1	1	0	1	0	1	1	0	0	0	0	0	0	0	0	0	2	0	0	0	1	1	1	2	0	0	2	0	0	0	1	0	1	1	0	0	1	1	0	0	0	0	0	0	0	0	0	0	0	1	0	1	0	0	0	1	1	0
G1385.6_2	0	0	0	0	0	0	1	0	1	1	0	0	0	0	1	0	0	2	2	1	2	0	2	0	0	0	1	0	0	2	0	0	0	0	0	0	0	0	0	0	0	1	0	1	0	1	1	0	0	2	0	0	0	0	1	1	1	0	0	1	1	0	0	0	0	0	0	0	0	0	0	0	1	0	1	1	0	0	1	1	0
G205W41_1	0	0	0	0	0	0	1	0	1	0	0	0	0	0	0	0	0	0	0	0	0	0	2	0	0	0	1	0	2	2	0	1	0	0	0	0	0	0	0	0	0	0	0	1	0	0	0	0	0	2	0	0	0	0	0	1	1	0	1	2	2	0	0	0	0	0	0	0	0	0	0	0	1	1	0	0	0	0	0	1	0
G205W41_2	0	0	0	0	1	1	1	0	2	1	0	0	0	0	0	0	0	0	0	0	0	0	0	0	0	0	1	0	1	1	0	1	0	0	0	0	0	0	0	0	0	0	0	1	0	0	0	0	0	2	0	0	0	0	0	0	1	0	1	2	2	0	0	0	0	0	1	0	0	0	0	0	1	0	0	0	0	0	0	1	0
G879.4_3	0	0	0	0	0	0	1	0	0	2	0	0	0	0	0	0	0	0	0	0	0	1	1	0	1	0	1	0	0	1	0	2	0	0	0	0	0	0	0	0	0	0	0	1	1	1	0	0	0	1	0	0	0	0	0	0	0	0	0	2	2	0	0	0	0	0	1	0	1	0	0	0	1	1	0	0	0	1	0	1	0
G879.4_4	0	0	0	0	0	0	1	0	0	2	0	0	0	0	0	0	0	2	0	0	0	0	2	0	0	0	1	0	0	2	0	1	0	0	0	0	0	0	0	0	0	0	0	1	0	0	0	0	0	0	0	0	0	0	0	0	0	0	0	2	2	0	0	0	0	0	1	0	0	0	0	0	1	0	0	0	0	0	0	1	0
G915.6_1	0	0	0	0	1	1	1	0	0	0	0	0	0	0	1	0	0	2	2	1	1	0	0	0	0	0	1	0	0	0	0	0	0	0	0	0	0	0	0	0	0	0	0	1	0	0	2	0	0	1	0	0	0	0	0	0	0	0	0	2	2	0	0	0	0	0	0	0	0	0	0	0	1	0	0	0	0	1	0	1	0
G915.6_2	0	0	0	0	0	0	1	0	0	0	0	0	0	0	0	0	0	1	1	1	1	0	2	0	0	0	1	0	0	0	0	1	0	0	0	0	0	0	0	0	0	0	0	1	1	0	0	0	0	2	0	0	1	1	1	1	1	0	0	2	2	0	0	0	0	0	0	0	2	0	0	0	1	0	0	0	0	0	0	1	1
G936.2_1	0	0	2	0	0	0	1	0	1	2	0	0	0	0	1	0	0	0	0	0	0	0	2	0	0	0	1	0	0	1	0	1	0	0	0	0	0	0	0	0	0	0	2	0	0	0	0	0	0	0	1	1	0	1	0	1	1	0	0	2	1	0	0	0	0	0	1	0	0	0	0	0	1	0	0	0	0	1	0	1	1
G936.2_3	0	0	1	0	1	1	1	0	1	0	0	0	0	0	0	0	0	0	0	0	0	0	2	0	0	0	1	0	0	0	0	2	1	0	0	0	0	0	0	0	0	0	2	0	0	1	1	0	0	2	0	0	0	0	0	1	1	0	0	1	1	0	0	0	0	0	1	0	0	0	0	0	1	0	0	0	0	0	0	1	1
G945.9_1	0	0	1	0	0	0	1	1	0	1	0	0	0	0	0	0	0	1	0	0	0	0	2	0	0	0	1	0	0	1	0	1	0	0	0	0	0	0	0	0	0	0	0	0	0	0	0	0	0	0	0	0	0	0	0	0	0	0	0	2	2	0	0	0	0	0	1	0	0	0	0	0	1	1	0	0	0	0	0	1	1
G945.9_2	0	0	0	0	0	0	1	2	2	2	0	0	0	0	1	0	1	1	0	0	0	0	2	0	0	0	1	0	0	1	0	2	0	0	0	0	0	0	0	0	0	0	2	0	1	1	2	0	0	0	0	0	0	0	0	0	0	0	0	2	2	0	0	0	0	0	0	0	0	0	0	0	1	1	0	0	0	0	0	1	0
GJ05Y83_1	0	0	0	0	1	1	1	2	0	0	0	0	0	0	0	0	0	1	1	0	0	0	0	0	0	0	1	1	0	0	0	1	0	0	0	0	0	0	0	0	0	0	0	1	0	0	0	0	0	2	0	0	0	0	0	1	0	0	0	1	1	0	0	0	0	0	0	0	0	0	0	0	1	0	0	0	0	0	0	1	0
GJ05Y83_2	0	0	0	0	1	1	1	1	0	0	0	0	0	0	0	0	0	1	1	0	0	0	0	0	0	0	1	0	0	0	0	0	0	0	0	0	0	0	0	0	0	0	0	1	0	1	0	0	0	2	0	0	1	1	1	2	1	0	0	1	1	0	0	0	0	0	0	0	0	0	0	0	1	0	0	0	0	0	0	1	0
HD1_1	1	0	0	0	0	0	1	1	0	0	0	0	0	0	0	0	0	0	0	0	0	0	0	0	0	0	1	0	1	0	0	1	0	0	0	0	0	0	0	0	0	0	0	1	0	2	1	0	0	2	0	0	0	0	0	0	0	0	0	1	1	0	2	0	1	0	0	0	1	0	0	0	1	1	0	0	0	1	0	1	1
HD1_2	1	0	0	1	1	0	1	0	0	1	0	0	0	0	0	0	0	0	0	0	0	0	2	1	1	0	1	0	1	0	0	0	0	0	0	0	0	0	0	0	0	0	0	1	1	2	2	0	0	2	0	0	1	1	1	1	1	0	0	2	2	0	0	0	1	0	0	0	0	0	0	0	1	0	0	0	0	0	0	1	0
HD1_3	0	0	0	0	0	0	1	0	0	0	0	0	0	0	0	0	0	1	1	1	1	0	2	0	1	0	1	0	0	0	0	0	0	0	0	0	0	0	0	0	0	0	0	0	0	0	0	0	0	1	0	0	0	0	0	0	1	0	0	2	2	0	0	0	0	0	1	0	0	0	0	0	1	0	0	0	0	0	0	1	0
HD6_1	0	0	0	0	2	2	1	1	1	0	0	0	0	0	1	0	0	1	1	1	1	0	2	0	0	0	1	0	0	0	0	1	1	0	0	0	0	0	0	0	0	0	0	0	0	0	1	0	0	0	1	0	1	1	0	1	1	0	1	2	2	0	0	0	0	0	0	0	0	0	0	0	1	0	0	0	0	0	0	1	0
HD6_2	0	0	0	1	1	0	1	0	0	0	0	0	0	0	0	0	0	0	0	0	0	0	2	0	0	0	1	1	0	0	0	2	0	0	0	0	0	0	0	0	0	0	0	0	0	0	2	0	0	2	0	0	0	0	0	0	1	0	0	1	1	0	0	0	0	0	0	0	0	0	0	0	1	0	1	0	0	0	0	1	0
HD6_4	0	0	0	0	0	0	1	0	0	0	0	0	0	0	0	0	0	1	1	1	1	0	1	0	0	0	1	1	0	0	0	1	0	0	0	0	0	0	0	0	0	0	0	0	1	1	0	0	0	0	0	0	0	1	0	0	1	0	0	1	1	0	2	0	0	0	0	0	0	0	0	0	1	0	0	0	0	0	0	2	0
HO3_1	0	0	0	0	0	0	1	0	0	0	0	0	0	0	0	0	1	1	1	0	1	0	0	0	0	0	1	0	2	2	0	1	0	0	0	0	0	0	0	0	0	0	0	1	0	0	0	0	0	2	0	0	1	1	1	1	2	0	0	1	1	0	0	0	2	1	0	0	1	0	0	0	1	0	0	0	0	0	0	1	0
HO3_2	0	0	0	0	1	1	1	0	0	0	0	0	0	0	0	0	1	1	1	0	0	0	2	0	0	0	1	0	0	1	0	1	0	0	0	0	1	0	0	0	0	0	1	0	0	1	1	0	0	1	0	0	2	2	2	2	2	0	0	0	0	0	1	0	0	0	0	0	0	0	0	0	1	0	0	0	0	0	0	1	0
HO6_1	0	0	0	0	1	1	1	0	0	0	0	0	0	0	0	0	0	0	0	0	0	1	2	0	0	0	1	0	0	0	0	2	1	0	0	0	0	0	0	0	0	0	1	1	0	0	2	0	0	0	2	0	0	1	1	1	1	0	1	2	1	0	1	0	0	0	1	0	1	0	0	0	1	0	0	0	0	0	0	0	0
HO6_2	0	0	0	0	1	1	1	0	0	0	0	0	0	0	0	0	0	1	1	1	1	0	0	0	0	0	1	0	0	0	0	2	0	0	0	0	0	0	0	0	0	0	1	0	0	0	2	0	0	0	2	0	0	1	1	1	1	0	1	2	1	0	1	0	0	0	1	0	2	0	0	0	1	0	0	0	0	0	0	1	0
IS1_1	0	0	0	1	2	1	1	0	1	1	0	0	0	0	1	0	1	0	0	0	0	0	0	0	0	0	1	1	0	0	0	0	0	0	0	0	0	0	0	0	0	0	0	0	0	0	1	0	0	2	0	0	0	0	0	0	0	0	0	2	2	0	2	1	0	0	0	0	0	0	0	0	1	0	0	0	0	0	0	1	0
IS1_2	0	0	1	1	1	0	1	0	1	2	0	0	0	0	1	0	0	0	0	0	0	0	0	0	0	1	1	1	0	1	0	0	0	0	0	0	0	0	0	0	0	0	0	0	0	0	1	0	0	2	0	0	0	0	0	0	0	0	0	2	1	0	1	1	0	0	0	1	0	0	0	0	1	0	0	0	0	1	0	1	0
IS1_3	0	0	0	2	2	0	1	2	1	0	0	0	0	0	1	0	0	0	0	0	0	0	2	0	0	0	1	1	0	0	0	0	0	0	0	0	0	0	0	0	0	0	0	0	0	0	0	0	0	2	0	0	0	0	0	1	0	0	0	2	2	0	1	1	0	0	0	1	0	0	0	0	1	0	0	0	0	1	1	1	0
IS3_1	0	0	0	0	1	0	1	0	0	2	0	0	0	0	1	0	0	0	0	0	0	0	0	0	0	1	1	0	0	0	0	0	0	0	1	0	0	0	0	0	0	0	0	0	0	0	0	0	0	2	0	0	0	0	0	0	0	0	1	1	0	0	0	0	1	0	0	0	0	0	0	0	1	0	0	0	1	0	0	1	0
IS3_2	0	0	1	0	0	0	1	0	0	2	0	0	0	0	1	1	0	0	0	0	0	2	2	0	0	0	1	0	0	0	0	0	0	0	0	0	0	0	0	0	0	0	0	0	0	0	0	0	0	2	2	0	0	0	0	0	0	0	0	2	2	0	1	1	0	0	0	0	0	0	0	0	1	0	1	0	0	0	0	1	0
IS3_3	0	0	1	0	0	0	1	0	1	1	0	0	0	0	0	0	0	0	0	0	0	0	0	0	0	0	1	0	0	0	0	0	0	0	0	0	0	0	0	0	0	0	0	0	0	0	2	0	0	2	0	0	0	0	0	1	0	0	1	2	2	0	2	1	1	0	0	0	0	0	0	0	1	0	0	0	0	0	0	1	0
JM1_1	0	0	0	0	1	1	1	0	0	0	0	0	0	0	0	0	0	1	0	0	0	0	0	0	0	0	1	0	0	0	0	0	0	0	0	0	0	0	0	0	0	0	0	1	1	1	0	0	0	2	0	0	1	1	1	1	1	0	0	2	2	0	1	0	0	0	0	0	0	0	0	0	1	0	0	0	0	0	0	1	0
JM1_2	0	0	0	0	1	1	1	0	0	0	0	0	0	0	0	0	0	1	0	0	0	0	0	0	0	0	1	1	0	0	0	0	0	0	0	0	0	0	0	0	0	0	0	1	1	2	2	0	0	1	0	0	0	0	0	0	2	0	0	1	1	0	2	0	0	0	0	0	0	1	0	0	1	0	0	0	0	0	0	1	0
JM2_1	0	0	0	0	1	1	1	0	0	0	0	0	0	0	0	0	0	1	0	0	0	0	0	0	0	0	1	1	0	0	1	1	1	0	0	0	0	0	0	0	0	0	1	0	1	1	1	0	0	2	0	0	0	1	0	0	1	0	0	2	2	0	0	0	2	0	0	0	0	0	0	0	1	0	0	0	0	0	0	1	0
JM2_2	1	0	0	0	2	2	1	0	0	0	0	0	0	0	0	0	0	1	0	0	0	0	0	0	0	0	1	0	0	0	0	0	0	0	0	0	0	0	0	0	0	0	0	0	1	1	0	0	0	2	0	0	1	1	1	1	1	0	0	2	2	0	1	0	0	0	1	0	0	0	0	0	1	0	0	0	0	0	0	1	0
JM3_1	0	0	0	1	1	0	1	1	0	0	0	0	0	0	0	0	0	1	1	1	1	0	0	0	0	0	1	0	0	0	0	0	0	0	1	0	0	0	0	0	0	0	2	0	0	0	0	0	0	2	0	0	0	0	0	1	0	0	0	1	1	0	0	0	0	0	0	0	0	0	0	0	1	0	0	0	0	0	0	1	0
JM3_2	1	0	0	1	1	0	1	0	0	0	0	0	0	0	0	0	0	0	0	0	0	0	1	0	0	0	1	1	0	0	0	0	0	0	0	0	0	0	0	0	0	0	0	0	0	0	0	0	0	1	0	0	1	1	0	1	1	0	0	1	1	0	0	0	0	0	0	0	1	0	0	0	1	0	0	0	0	0	0	1	0
JM4_1	1	0	0	0	1	1	1	0	0	0	0	0	0	0	0	0	0	2	1	1	1	0	0	0	0	0	1	1	0	0	0	0	0	0	0	0	0	0	0	0	0	0	0	1	1	2	1	0	0	1	0	0	0	0	0	0	1	0	1	2	2	0	1	0	1	0	1	0	0	0	0	0	1	0	0	0	0	0	0	1	0
Koehnen1	0	0	0	1	1	0	1	1	0	0	0	0	0	0	0	0	0	2	1	1	0	0	0	0	0	0	1	0	0	0	0	0	0	0	0	0	0	0	0	0	0	0	1	1	0	0	0	0	0	1	0	0	2	2	1	1	1	0	0	2	2	0	0	0	0	0	0	0	0	0	0	0	1	0	0	0	0	0	0	1	0
Koehnen3	0	0	0	1	2	1	1	0	1	0	0	0	0	0	0	0	0	0	0	0	0	2	0	0	1	0	1	1	0	0	0	0	0	0	0	0	0	0	0	0	0	0	0	1	1	0	0	2	0	2	1	0	2	2	2	2	2	0	1	2	2	0	0	0	0	0	0	0	0	0	0	0	1	0	0	0	0	0	0	1	0
Kona3	0	0	0	0	0	0	1	0	0	0	0	0	0	0	0	0	0	2	2	0	0	0	0	0	0	0	1	0	0	0	0	2	2	0	0	0	0	0	0	0	0	0	0	1	0	0	0	0	0	0	0	0	0	0	0	0	0	0	2	2	2	0	0	0	2	0	0	0	2	0	0	0	0	0	2	0	0	0	0	1	0
Kona6	0	0	0	0	0	0	1	0	0	0	0	0	0	0	0	0	0	0	0	0	0	0	2	2	0	1	1	0	0	0	0	1	0	0	0	0	0	0	0	0	0	0	0	1	0	0	0	0	0	0	0	0	0	0	0	0	0	0	2	2	2	0	0	0	2	0	0	0	2	0	0	0	0	0	2	0	0	0	0	1	0
LB1_1	1	0	1	0	0	0	1	0	1	0	0	0	0	0	0	0	0	0	0	0	0	0	1	0	0	1	1	0	0	0	0	0	1	0	0	0	0	0	0	0	0	1	0	1	0	0	0	0	0	1	1	0	0	0	0	0	0	0	1	2	2	0	0	0	1	0	0	0	0	0	1	1	1	0	1	0	0	1	1	1	0
LB1_2	0	0	0	0	1	1	1	0	0	0	0	0	0	0	0	0	0	0	0	0	0	0	0	0	0	0	1	0	0	0	0	1	0	0	0	0	0	0	0	0	0	0	0	0	0	1	2	0	0	1	0	0	0	1	0	1	1	0	0	1	2	0	2	0	2	0	0	0	1	0	0	0	1	0	0	0	0	0	0	1	0
LB1_3	1	0	0	0	0	0	1	0	0	0	0	0	0	0	0	0	0	1	1	1	0	1	2	1	1	0	1	0	0	1	0	1	0	0	0	0	0	0	0	0	0	0	0	2	0	0	1	0	0	1	0	1	0	0	0	0	1	0	0	1	1	0	0	0	1	0	0	0	1	0	0	0	1	0	0	0	0	0	0	1	1
LB3_1	0	0	0	0	0	0	1	1	0	0	0	0	0	0	0	0	0	0	0	0	0	0	2	0	0	0	1	1	0	0	0	1	0	0	0	0	0	0	0	0	0	0	0	0	0	0	0	0	0	1	0	0	0	0	0	0	0	0	0	1	2	0	1	0	0	0	0	1	0	0	0	0	1	0	0	0	0	0	0	1	0
LB3_2	0	0	1	0	0	0	1	0	0	0	0	0	0	0	0	0	0	0	0	0	0	2	0	1	1	1	1	0	2	0	0	0	0	0	0	0	0	0	0	0	0	0	0	0	0	1	2	0	0	1	1	0	1	1	1	1	0	0	0	2	2	0	2	0	0	0	1	0	0	0	0	0	1	0	0	1	0	0	0	1	0
LB3_3	0	0	0	0	0	0	1	0	0	0	0	0	0	0	0	0	0	0	0	0	0	0	0	0	0	0	1	0	0	0	0	1	0	0	0	0	0	0	0	0	0	0	0	0	0	0	0	0	0	2	0	0	0	1	0	1	1	0	0	2	2	0	0	0	0	0	0	0	1	0	0	0	1	0	0	0	0	0	0	1	0
N3_1	0	0	1	0	0	0	1	0	0	0	0	0	0	0	0	0	0	0	1	1	0	0	2	0	0	1	1	0	0	1	0	0	0	0	0	0	0	0	0	0	0	0	0	0	1	1	0	0	0	2	0	0	0	0	0	0	0	0	0	1	1	0	0	0	1	0	0	0	0	0	0	0	1	0	0	0	0	0	0	1	0
WB1	1	0	0	0	0	0	0	0	1	1	1	1	0	1	1	1	2	0	0	0	0	0	1	2	1	1	0	0	0	1	0	2	1	0	1	0	1	0	0	0	0	0	2	1	1	0	0	2	0	0	1	1	0	0	0	0	0	0	0	2	2	0	2	1	1	2	0	1	0	1	1	0	1	1	0	0	1	1	1	1	0
WB2	1	0	0	0	1	0	0	0	2	2	0	0	0	0	0	1	0	0	0	0	0	0	2	1	2	1	0	0	0	1	1	2	0	0	0	0	0	0	0	0	0	0	0	0	0	0	0	0	0	0	0	0	0	1	1	1	1	2	0	1	1	0	0	0	0	1	0	0	0	0	1	0	1	0	0	1	0	0	0	1	0
WB3	1	0	0	0	0	0	1	0	1	1	1	1	1	1	1	1	1	0	0	0	0	0	2	1	2	1	1	0	0	1	1	2	0	0	1	0	1	0	0	0	0	0	1	1	1	1	1	2	0	0	1	1	0	0	0	0	0	0	0	2	2	1	2	1	1	2	1	1	0	1	0	0	1	1	0	0	1	0	1	0	0
WB4	2	0	2	1	1	0	1	1	0	1	0	0	0	0	1	1	0	0	0	0	0	0	2	1	2	0	1	1	0	0	1	2	0	0	0	0	0	0	0	2	2	0	0	1	1	1	1	2	0	1	0	1	0	0	0	0	0	2	0	2	2	0	0	0	1	1	1	0	0	0	1	0	1	0	0	1	0	2	0	0	0
WB5	2	0	0	0	0	0	0	0	1	2	0	0	0	0	0	1	0	0	0	0	0	0	2	0	2	1	0	0	0	0	2	2	0	0	1	1	0	1	0	0	0	1	0	1	1	1	1	2	0	0	0	1	0	0	0	0	0	1	0	2	1	0	2	1	1	1	0	0	0	0	1	0	1	0	0	1	1	2	1	1	0
WG1	0	0	2	0	1	1	0	0	0	0	0	0	0	0	0	0	2	2	2	1	1	2	1	1	0	0	0	0	0	2	0	1	1	1	0	1	1	1	1	0	0	0	0	1	1	1	0	1	0	1	0	1	0	1	1	2	2	0	0	2	1	0	1	0	1	0	0	0	0	1	0	0	1	1	0	1	0	1	0	1	0
WG3	1	0	1	0	1	0	2	0	1	1	0	0	0	0	0	0	1	1	2	1	1	2	2	1	2	0	1	0	0	0	0	1	1	1	0	0	2	0	2	0	0	0	0	1	1	1	0	1	0	0	1	0	2	2	1	1	2	0	0	2	2	1	0	0	0	0	0	0	1	1	0	0	0	1	0	1	0	1	0	0	0
WG4	0	0	0	0	1	1	0	0	1	0	0	0	0	0	0	0	0	2	2	1	1	2	1	0	0	0	0	0	1	0	0	1	1	1	0	1	1	1	1	0	0	0	0	1	2	2	2	1	0	1	0	1	1	2	1	1	1	0	1	2	1	0	0	0	1	0	0	0	0	0	0	1	1	1	0	1	0	1	0	1	0
WG5	1	0	2	0	1	0	0	1	1	0	0	0	0	0	0	0	0	2	0	0	0	0	1	0	0	0	0	0	2	1	0	0	1	0	0	1	0	0	0	0	0	0	0	1	0	0	0	1	0	1	0	1	0	1	1	1	1	0	0	2	1	0	0	0	0	0	0	0	2	1	0	1	1	1	0	1	1	1	0	2	0
WG7	1	0	2	0	1	1	0	0	1	0	0	0	0	0	0	0	2	2	2	1	1	2	1	1	0	0	0	0	1	0	0	1	1	1	0	1	1	1	1	0	0	0	1	1	2	2	2	1	0	1	1	1	1	2	1	1	1	0	1	2	1	0	0	0	1	0	0	0	0	0	0	1	1	0	0	1	0	1	0	1	0
WG8	1	0	2	0	1	1	0	0	0	0	0	0	0	0	0	0	2	2	2	1	1	2	1	1	2	0	0	0	0	0	0	2	0	1	0	1	1	1	2	0	0	0	0	0	0	0	0	1	0	2	0	0	0	1	1	2	2	0	0	2	1	0	1	0	0	0	0	0	0	0	1	0	1	1	0	1	2	1	0	1	0
WO1	0	0	0	0	0	0	1	2	2	1	1	1	2	1	1	1	0	1	1	1	1	0	2	1	1	0	0	1	0	0	1	2	0	1	1	2	1	1	0	2	0	1	0	1	0	1	0	2	0	0	0	1	0	2	0	0	0	1	0	2	2	0	1	1	0	1	0	0	0	1	0	0	1	1	1	2	1	1	0	1	0
WO2	1	0	0	0	0	0	1	1	2	1	0	0	0	0	0	0	0	0	0	0	0	1	2	1	1	1	1	1	0	0	0	2	1	0	1	0	0	1	0	2	1	0	0	1	1	2	2	2	0	0	2	1	0	0	0	0	0	1	1	2	2	0	2	1	0	1	1	0	0	1	0	0	1	1	1	1	1	0	1	0	2
WO3	0	0	1	2	2	0	1	0	1	2	0	0	0	0	0	0	0	1	2	1	0	0	2	0	0	1	1	1	0	0	0	2	0	0	0	0	0	1	0	1	2	1	0	0	0	1	0	2	0	0	0	1	1	1	0	0	0	1	0	1	1	1	1	1	1	1	0	1	0	1	0	1	1	0	1	1	1	1	1	0	0
WO4	1	0	2	1	1	0	0	0	1	1	0	0	0	0	1	0	0	0	1	0	0	0	2	2	2	0	0	0	0	0	1	2	0	0	0	1	0	1	0	1	0	1	0	1	0	2	2	2	0	0	0	2	0	0	0	0	0	1	1	2	1	0	1	1	0	2	0	1	0	1	0	0	1	1	1	2	2	1	2	1	0
WO6	0	0	0	0	0	0	0	0	2	2	0	0	0	0	0	0	0	0	1	0	0	0	2	1	0	1	0	0	0	1	0	2	0	1	0	1	0	1	0	2	1	0	0	1	0	2	0	0	0	0	0	2	1	1	0	0	0	2	0	2	1	0	0	0	0	2	0	2	0	1	0	0	1	0	1	2	2	1	2	1	0
WO7	1	0	0	0	1	0	0	0	2	1	0	0	1	0	0	0	0	0	1	0	0	1	2	0	0	0	0	1	0	0	0	2	1	2	1	1	0	1	0	2	0	0	0	1	1	2	2	0	0	0	2	1	1	1	0	0	0	1	1	2	2	0	0	0	0	1	0	0	0	2	0	0	1	1	1	1	1	0	1	1	0
WP1	0	0	0	1	1	0	0	1	1	1	0	0	0	0	0	0	0	2	1	1	1	0	0	0	0	1	0	1	1	0	0	1	0	0	1	1	1	0	0	0	0	0	0	1	0	2	1	1	0	2	0	1	0	0	0	0	0	0	0	1	1	0	1	0	2	0	0	0	2	0	0	0	1	1	0	1	0	0	0	1	0
WP2	0	0	0	1	1	0	0	0	1	0	1	0	0	0	0	0	0	2	2	1	2	0	0	0	0	0	0	1	1	2	0	1	0	0	0	0	0	2	0	0	0	0	0	0	0	1	1	1	0	1	0	1	0	0	0	1	1	0	0	2	0	0	2	0	0	0	0	0	2	0	0	0	1	1	0	0	0	0	0	1	0
WP3	0	0	0	2	2	1	0	1	1	1	1	0	0	0	0	0	0	2	2	1	2	0	0	0	0	1	0	1	1	2	0	1	0	0	0	0	0	2	0	0	0	0	0	0	0	1	1	0	0	2	0	0	0	2	0	1	1	0	0	0	1	0	2	0	0	0	0	0	0	0	0	0	1	0	0	0	0	1	0	1	0
WP4	0	0	0	1	1	0	0	0	1	1	0	0	0	0	0	0	0	2	1	1	1	0	0	0	0	0	0	0	2	0	0	1	0	0	0	0	0	2	0	0	0	0	0	1	0	2	1	1	0	2	0	1	0	0	0	0	0	0	0	1	0	0	1	0	0	0	0	0	0	0	0	0	1	1	0	0	0	0	0	1	0
WP5	0	0	1	0	1	0	0	0	1	0	0	0	0	0	0	0	0	2	1	0	0	0	1	0	0	1	0	0	2	0	0	0	0	0	0	0	0	1	0	0	0	0	0	1	0	1	0	1	0	1	0	0	0	1	0	1	1	0	0	2	1	0	0	0	2	0	0	1	2	0	0	0	1	1	0	1	0	1	0	1	0
WP6	0	0	0	2	2	1	0	0	1	1	1	0	0	0	0	0	0	2	2	1	2	0	0	0	0	0	0	1	1	2	1	2	0	0	1	1	1	0	0	0	0	0	0	1	0	1	1	1	0	2	0	0	0	0	0	0	0	0	0	1	1	0	2	0	2	0	0	0	2	0	0	0	1	1	0	1	0	0	0	1	0
WP7	0	1	0	2	2	1	0	0	1	0	1	0	0	0	0	0	0	2	2	1	2	0	2	0	0	1	0	1	1	2	1	1	0	0	1	1	1	0	0	2	0	0	0	1	0	0	1	1	0	2	0	1	0	1	0	1	1	0	0	2	1	0	1	0	0	0	0	0	2	0	0	0	1	1	0	1	0	1	0	1	0
WR2	1	0	0	1	1	0	0	1	1	1	0	0	0	0	0	0	0	0	0	0	0	1	1	1	1	1	0	1	0	0	0	1	1	0	1	0	0	1	0	1	0	1	0	1	1	1	1	1	0	1	1	1	0	0	0	0	0	1	1	2	2	0	2	1	0	1	0	0	0	1	0	0	1	1	1	1	1	1	1	1	1
WR3	2	1	0	2	2	0	0	0	0	1	0	0	0	0	0	0	0	0	0	0	0	0	1	0	0	0	0	0	1	1	1	1	0	0	0	0	0	0	0	1	0	1	0	0	0	0	1	1	0	1	0	0	0	0	0	0	0	0	0	2	2	0	2	0	0	1	0	0	0	0	0	1	1	1	0	1	0	1	0	1	0
WR5	1	0	0	1	1	0	0	1	1	1	1	1	1	0	1	0	0	1	0	0	0	0	1	0	1	1	0	1	0	1	1	2	0	0	1	1	1	0	0	0	0	2	0	1	1	1	0	1	0	0	1	1	0	0	0	0	0	1	0	2	2	0	2	1	0	1	0	1	0	0	0	0	1	2	0	2	0	0	0	1	0
WR6	0	0	0	0	1	0	0	1	1	1	1	1	1	0	1	0	0	1	0	0	0	0	1	0	1	0	0	1	0	0	1	2	0	0	2	2	1	0	0	0	0	2	0	1	1	1	0	1	0	0	1	1	0	0	0	0	0	1	0	2	2	0	2	1	0	1	0	1	0	0	0	0	1	2	0	1	0	0	0	1	0
WR7	0	0	0	0	2	1	0	1	0	1	1	1	1	1	1	1	2	1	1	0	0	0	1	0	0	1	0	0	1	1	1	2	0	1	1	1	1	1	0	0	0	1	1	1	1	0	0	1	0	1	0	0	0	0	0	0	0	0	0	2	1	0	0	0	0	1	0	0	0	1	0	1	1	1	0	0	0	0	0	1	0
WR8	1	0	0	1	1	0	0	0	1	1	1	1	1	0	1	0	0	1	0	0	0	0	1	0	1	0	0	1	0	1	0	2	0	0	1	1	1	0	0	0	0	2	0	1	1	1	0	1	0	0	1	0	0	0	0	0	0	1	0	2	2	0	2	1	0	1	0	1	0	0	0	1	1	2	0	1	0	1	0	1	0
WYB2	1	0	1	0	1	1	1	1	1	2	0	0	0	1	0	0	1	1	0	0	0	0	2	0	1	1	0	0	0	0	1	2	0	0	1	0	0	0	1	0	1	0	0	1	1	0	1	1	0	0	0	1	0	0	0	0	0	0	1	2	1	0	1	2	0	1	0	1	0	1	1	1	1	1	0	1	1	0	1	1	0
WYB3	2	0	2	0	1	1	2	2	0	2	0	0	0	0	1	0	2	1	1	1	0	0	1	1	1	0	0	0	0	1	0	2	1	0	0	0	0	0	0	0	0	0	0	0	0	0	0	0	0	1	1	0	0	1	1	2	1	0	2	2	1	0	0	2	0	1	0	1	0	0	0	0	1	2	0	1	0	0	2	1	0
WYB4	1	0	2	0	1	1	0	1	2	0	0	0	0	0	0	0	0	2	1	1	1	1	2	1	1	0	0	0	0	1	0	2	1	0	1	1	1	0	0	1	0	1	0	0	0	0	0	1	0	0	1	1	0	0	0	0	0	0	1	2	1	0	0	1	0	0	0	0	2	1	0	0	1	0	0	1	0	2	0	1	0
WYB5	1	0	1	0	2	2	2	1	1	2	0	0	0	0	0	0	2	2	2	1	1	0	1	1	0	0	0	0	0	1	0	1	1	0	0	0	0	0	0	0	1	0	0	1	0	0	0	0	0	1	1	0	0	1	1	2	1	0	1	2	1	0	2	0	0	0	0	0	0	1	0	0	1	0	0	0	0	1	0	1	0
WYB6	1	0	1	0	1	1	0	2	1	2	0	0	0	0	0	0	2	2	1	1	0	0	2	2	1	1	0	1	0	0	1	2	0	0	1	0	0	0	1	0	0	0	0	1	0	0	0	0	0	0	0	1	0	0	0	1	0	0	1	2	1	0	0	2	0	1	0	0	0	1	1	1	1	0	0	1	0	0	1	1	0
WYB8	2	0	2	0	1	1	1	2	0	2	0	0	0	0	1	0	0	1	0	0	0	0	2	1	1	0	0	0	0	0	0	2	1	0	0	0	0	0	0	0	0	0	0	1	0	0	0	0	0	1	1	0	0	1	1	1	1	0	2	2	1	0	1	1	0	1	0	0	0	1	0	0	1	1	0	1	0	0	1	1	0
YB2	0	0	0	1	1	0	1	2	1	0	0	0	0	0	0	1	0	1	2	1	1	0	0	0	0	0	1	0	0	1	1	1	2	0	0	0	0	0	0	0	1	0	0	1	0	1	1	1	0	1	0	1	0	1	1	2	2	1	0	2	2	1	0	0	1	0	0	0	1	0	0	0	1	0	0	0	1	0	0	0	0
YB3	0	0	0	0	1	1	0	0	2	1	0	0	0	0	0	0	0	0	1	1	0	0	1	0	2	0	0	0	0	1	1	1	0	0	2	1	1	0	1	0	0	0	0	0	0	2	0	0	0	1	0	0	1	1	1	1	1	0	0	1	1	0	1	0	0	0	0	0	2	0	0	0	1	1	0	1	0	0	2	1	0