Marker ID	Ref	Alt	WB1;IonCode_0401	WB2;IonCode_0402	WB3;IonCode_0403	WB4;IonCode_0404	WB5;IonCode_0405	WO6;IonCode_0406	WP5;IonCode_0407	WP6;IonCode_0408	WP7;IonCode_0409	WYB3;IonCode_0410	G879.4_3;IonCode_0411	G879.4_4;IonCode_0412	G945.9_1;IonCode_0413	G945.9_2;IonCode_0414	Cobey1;IonCode_0415	Cobey4;IonCode_0416	G1060.6_1;IonCode_0417	G1060.6_2;IonCode_0418	G1179.6_1;IonCode_0419	G1385.6_1;IonCode_0420	G1385.6_2;IonCode_0421	G205W41_1;IonCode_0422	G915.6_1;IonCode_0423	G915.6_2;IonCode_0424	Wooten11;IonCode_0425	Wooten2;IonCode_0426	Wooten3;IonCode_0427	Wooten9;IonCode_0428	Koehnen1;IonCode_0429	Strachen5;IonCode_0430	Allen1;IonCode_0431	Allen2;IonCode_0432	BigIsland1;IonCode_0433	BigIsland2;IonCode_0434	Olivarez1;IonCode_0435	Olivarez2;IonCode_0436	Kona6;IonCode_0437	BB5;IonCode_0438	BB6;IonCode_0439	BB7;IonCode_0440	BB8;IonCode_0441	BO4;IonCode_0442	BR2;IonCode_0443	BR3;IonCode_0444	BR4;IonCode_0445	BR7;IonCode_0446	BR8;IonCode_0447	BT10;IonCode_0448	BT11;IonCode_0449	BT12;IonCode_0450	BT7;IonCode_0451	BT9;IonCode_0452	BW1;IonCode_0453	BW6;IonCode_0454	BW7;IonCode_0455	BY3;IonCode_0456	BY6;IonCode_0457	BY7;IonCode_0458	BY8;IonCode_0459	YP3;IonCode_0460	YP5;IonCode_0461	YP6;IonCode_0462	YP7;IonCode_0463	YW4;IonCode_0464	YW5;IonCode_0465	YW6;IonCode_0466	YW7;IonCode_0467	YW8;IonCode_0468	YY5;IonCode_0469	YY6;IonCode_0470	YY7;IonCode_0471	YY8;IonCode_0472	YY9;IonCode_0473	YG1;IonCode_0474	YG2;IonCode_0475	YG6;IonCode_0476	YG7;IonCode_0477	YO4;IonCode_0478	YO6;IonCode_0479	YO7;IonCode_0480
NC_037638.1_7220182	T	C	0	0	0	1	0	0	0	0	0	2	0	0	1	2	0	0	0	1	0	1	0	0	0	1	0	0	0	0	1	0	0	0	2	1	0	1	0	0	0	0	0	2	1	0	0	1	2	0	1	0	1	2	0	1	1	1	2	0	1	0	0	1	0	1	2	2	2	2	0	0	0	0	0	2	1	1	1	1	2	1
NC_037638.1_9948588	C	T	1	0	1	2	1	0	1	1	1	2	2	2	2	0	2	./.	2	2	2	1	1	1	2	2	2	2	2	2	2	2	2	2	2	2	2	1	2	2	2	1	1	1	2	1	0	0	2	2	1	1	1	1	1	1	1	1	1	1	1	1	1	1	1	1	2	1	1	1	1	1	1	1	1	0	1	0	1	1	1	1
NC_037638.1_12512746	G	A	1	1	1	0	0	2	2	2	2	1	2	2	2	2	2	2	2	2	2	2	2	2	2	2	2	2	2	2	2	2	2	2	2	2	2	2	2	2	1	2	2	1	1	1	1	1	1	1	0	0	1	0	1	2	0	./.	1	2	1	2	1	2	./.	2	2	2	2	2	./.	2	2	2	2	1	1	1	1	2	1	2
NC_037638.1_20319023	C	T	2	2	2	2	2	1	2	2	1	1	2	2	2	2	2	2	2	2	2	1	2	2	2	2	2	2	2	2	2	2	2	2	2	2	2	2	2	2	2	2	2	2	2	2	2	2	1	1	1	1	1	2	2	2	2	2	0	2	0	2	2	2	2	2	1	1	2	2	2	2	2	2	2	1	2	1	1	1	1	2
NC_037638.1_24296190	A	G	0	0	0	1	1	0	1	0	0	1	0	0	1	0	0	0	0	0	0	0	0	0	0	0	0	0	0	0	0	0	1	1	0	0	0	./.	0	1	1	1	1	1	1	1	0	1	1	1	1	1	1	1	1	0	0	0	0	0	0	0	0	1	0	1	1	1	1	1	1	1	1	1	0	1	1	1	0	1	1	0
NC_037638.1_26029957	C	T	2	1	2	1	2	2	1	0	0	1	2	2	2	2	2	1	2	2	2	2	2	2	2	2	2	2	2	1	1	1	2	./.	0	1	2	1	2	2	2	0	0	1	0	1	2	1	1	1	1	1	1	0	2	1	2	0	0	2	0	2	2	1	1	1	0	1	1	1	2	2	2	1	0	2	2	2	2	2	2	2
NC_037638.1_26030021	A	C	0	1	0	1	0	0	1	2	2	1	0	0	0	0	./.	1	0	0	0	0	0	0	./.	0	0	0	0	1	1	2	0	./.	2	1	./.	1	0	0	0	2	2	1	2	1	0	1	1	1	1	1	1	2	0	1	0	2	2	./.	2	0	0	1	1	2	2	2	1	2	0	0	./.	1	2	./.	./.	./.	0	1	0	2
NC_037638.1_26030039	A	T	2	2	2	2	2	2	2	1	1	1	2	2	2	2	./.	./.	2	2	2	2	2	2	./.	2	2	2	2	1	2	1	2	2	1	2	./.	./.	2	2	2	2	2	2	0	2	2	./.	2	2	2	2	2	2	2	1	2	1	1	2	1	2	2	2	2	2	2	2	2	./.	2	2	2	1	2	2	./.	2	2	1	2	0
NC_037638.1_26030192	C	T	2	2	2	2	2	2	2	2	2	0	2	1	./.	2	1	1	2	2	2	2	2	2	1	2	2	2	2	2	2	1	2	2	2	1	1	1	2	1	2	1	0	2	0	2	1	1	2	2	2	2	2	2	2	2	2	1	2	1	2	2	2	2	2	0	2	2	2	0	2	1	1	1	0	0	0	1	1	1	1	2
NC_037639.1_5451985	G	A	1	2	1	2	2	2	2	1	1	2	2	2	2	2	2	1	2	2	2	2	2	2	2	2	2	2	2	2	2	2	2	2	2	2	2	2	2	1	2	1	2	1	1	1	2	1	2	1	2	1	2	2	1	1	0	2	2	2	2	2	2	2	2	2	2	2	2	2	2	2	2	1	1	2	2	2	1	2	1	1
NC_037639.1_5460397	G	A	1	2	1	2	2	2	2	2	2	2	2	2	2	2	2	2	2	2	2	2	2	2	2	2	2	2	2	2	2	2	2	2	2	2	2	2	2	1	2	1	2	1	1	1	2	1	2	1	2	1	2	2	1	1	0	2	2	2	2	2	2	2	2	2	2	2	2	2	2	2	2	1	1	2	2	2	1	2	1	1
NC_037639.1_5489536	G	A	1	2	1	2	2	2	2	2	2	2	2	2	2	2	2	2	2	2	2	2	2	2	2	2	2	2	2	2	2	2	2	2	2	2	2	2	2	1	2	1	2	1	1	1	2	1	2	1	2	1	2	2	1	1	0	2	2	2	2	2	2	2	2	2	2	2	2	2	2	2	2	1	1	1	1	1	1	2	1	1
NC_037639.1_5501183	C	G	1	0	1	0	0	0	0	0	0	0	0	0	0	0	0	./.	0	0	0	0	0	0	0	0	0	0	0	0	0	0	0	0	0	0	0	0	0	1	0	1	0	1	1	0	0	1	0	1	0	1	0	0	1	1	1	0	0	0	0	0	0	0	0	0	0	0	0	0	0	0	0	1	1	0	0	0	0	0	1	1
NC_037639.1_5549018	G	A	1	2	1	1	2	2	2	2	2	1	2	2	2	1	2	2	2	2	2	1	1	./.	1	2	2	2	1	1	2	1	2	2	2	2	2	1	2	1	2	1	2	1	0	0	0	0	1	1	1	1	1	2	1	1	0	1	2	2	2	1	2	1	1	1	1	1	1	1	2	2	2	1	1	2	2	2	1	2	1	1
NC_037639.1_5606974	C	A	1	1	1	1	1	2	2	2	2	2	2	2	2	2	2	2	2	2	2	2	2	2	2	2	2	2	2	2	2	2	2	2	2	2	2	2	2	0	1	1	2	1	1	2	1	1	1	1	2	1	2	2	1	0	1	2	2	2	2	2	2	2	2	2	2	2	2	2	2	2	2	1	1	2	2	2	2	2	1	1
NC_037639.1_5629961	G	A	1	2	1	2	2	2	2	2	2	1	2	2	2	1	2	2	2	2	2	2	2	2	2	2	1	1	2	2	2	2	2	2	2	2	2	2	2	1	2	1	2	1	1	2	2	1	2	2	2	2	2	2	1	2	2	2	2	2	2	2	2	2	2	2	2	2	2	2	2	2	2	1	1	2	2	2	2	2	1	1
NC_037639.1_6635380	T	C	0	0	0	0	0	0	2	2	2	1	0	1	0	0	0	1	1	1	2	1	1	0	2	1	1	0	2	1	1	2	0	0	0	1	1	1	0	0	1	1	0	0	2	0	1	0	0	2	1	2	0	1	0	1	0	0	2	1	1	2	0	0	0	1	1	2	2	1	1	2	1	1	1	0	0	0	0	0	0	0
NC_037639.1_6636310	T	C	0	0	0	0	0	1	1	1	1	1	0	0	0	0	0	1	1	1	1	1	1	0	2	1	0	0	1	1	1	1	0	0	0	1	1	1	0	0	1	1	1	1	1	0	1	0	0	2	1	1	0	1	0	1	0	0	1	1	0	1	0	0	0	1	1	1	1	1	2	1	1	1	2	2	2	1	1	1	1	1
NC_037639.1_6636402	C	T	2	2	2	2	2	2	2	0	1	1	2	2	2	2	2	1	1	1	1	1	1	2	1	1	2	2	0	1	1	1	2	2	2	1	1	1	2	2	1	1	2	2	0	2	1	2	2	0	1	0	2	1	2	1	2	2	1	1	2	0	2	2	2	1	1	1	1	1	1	0	1	1	1	2	2	2	2	2	2	1
NC_037639.1_6636660	C	T	2	2	2	2	2	2	2	0	0	2	2	1	2	2	2	1	0	1	1	1	1	2	1	1	2	2	0	1	2	1	2	1	2	2	1	1	2	2	2	1	2	2	1	2	2	2	2	1	2	1	2	2	2	1	2	2	1	2	2	1	2	2	2	2	2	2	2	2	1	0	1	1	1	2	2	2	2	2	2	1
NC_037639.1_7439851	T	C	0	0	0	0	0	0	0	0	0	0	0	0	0	0	0	0	0	0	0	0	0	0	0	0	0	0	0	0	0	0	0	0	0	0	0	./.	0	0	1	0	0	0	./.	0	1	0	1	0	0	0	0	0	0	1	0	1	0	0	0	0	0	1	0	1	1	0	0	1	0	0	0	0	0	0	0	0	0	0	1	0
NC_037639.1_7869450	C	T	1	1	1	1	1	0	1	1	1	0	1	0	0	0	1	1	0	1	1	1	1	1	1	1	0	1	1	1	1	0	1	1	1	2	1	1	1	1	1	0	1	1	1	1	0	0	0	0	0	0	0	1	0	0	1	0	0	1	1	1	1	1	1	1	0	0	0	1	1	1	1	1	1	0	0	0	0	0	0	1
NC_037639.1_7922943	C	T	0	1	1	1	1	1	2	2	2	1	2	2	2	2	2	2	2	2	2	1	2	2	2	2	2	2	2	2	2	2	2	2	2	2	2	./.	1	1	1	1	2	2	2	2	2	1	2	2	1	2	1	2	1	2	0	2	2	2	2	2	1	1	1	1	0	1	1	2	2	2	./.	2	2	2	2	2	2	2	1	2
NC_037639.1_7972409	G	A	1	0	1	1	0	1	2	2	2	1	1	2	2	2	2	2	2	2	2	1	2	2	2	2	2	2	2	2	2	2	1	1	1	2	1	./.	1	0	0	0	2	2	2	1	2	0	2	2	1	2	1	2	1	1	1	2	2	0	1	2			./.	1	0	1	1	2	1	0	1	2	2	2	2	2	2	1	1	2
NC_037639.1_12975037	G	A	1	0	1	1	0	0	2	1	2	0	0	0	1	0	1	1	2	2	2	1	1	1	./.	./.	2	2	2	2	2	2	2	1	2	2	2	1	2	1	1	0	2	1	1	0	0	1	0	0	0	1	1	1	2	1	1	1	0	1	0	2	1	0	1	0	1	0	0	0	1	1	1	./.	2	2	2	2	2	0	1	0
NC_037640.1_10379389	C	T	1	1	1	2	1	1	1	2	1	2	2	2	2	2	2	2	2	2	2	2	2	2	2	2	2	2	2	2	2	2	2	2	2	2	2	2	0	1	1	2	1	2	2	1	1	2	1	2	2	2	2	2	2	1	2	1	1	1	1	2	2	2	2	1	1	2	2	2	2	2	2	2	2	2	2	2	2	1	2	1
NC_037641.1_3252367	G	A	2	2	2	1	2	2	2	1	1	2	2	2	2	2	2	2	2	2	1	2	2	2	2	2	2	2	2	2	2	2	1	2	2	2	1	2	2	1	2	1	1	1	1	1	2	1	1	2	2	2	2	1	2	2	2	2	2	2	2	2	1	2	1	1	2	1	1	2	2	2	2	2	2	2	0	1	1	2	2	2
NC_037641.1_3253652	G	C	0	0	0	0	0	0	1	1	1	0	0	0	0	0	2	2	0	0	0	1	0	2	0	0	1	0	0	0	0	0	0	1	1	0	0	./.	0	0	0	0	1	0	0	0	0	0	0	1	0	0	0	1	0	0	0	0	0	0	0	0	0	0	0	0	0	0	0	0	0	0	0	0	0	0	0	0	0	1	1	1
NC_037641.1_6953621	T	C	1	1	1	0	0	1	1	1	1	1	1	1	1	1	0	./.	0	0	0	1	2	1	0	0	0	1	0	0	0	0	1	0	0	0	0	./.	0	0	0	0	0	0	0	0	0	0	1	1	0	0	1	2	2	1	1	1	1	0	2	0	0	0	0	0	0	0	0	0	1	1	1	2	1	1	1	0	0	0	0	0
NC_037643.1_3622563	C	T	2	2	2	2	2	1	2	2	2	2	2	2	2	2	2	2	2	2	2	2	2	2	2	2	2	2	2	2	2	2	2	2	2	2	2	2	2	2	2	2	2	2	2	2	2	2	2	2	2	2	2	2	2	2	2	2	2	2	2	2	2	1	1	2	2	2	2	2	2	1	1	2	2	2	2	2	2	2	2	2
NC_037643.1_3690252	C	T	1	2	1	2	1	2	2	1	1	2	2	2	2	2	2	2	2	2	2	2	2	2	2	2	2	2	2	2	2	2	2	2	2	2	2	1	2	1	2	1	2	2	2	1	0	2	0	1	0	1	1	2	2	1	1	1	1	1	1	1	1	1	2	1	1	1	1	1	2	2	2	2	2	1	1	1	0	2	1	2
NC_037643.1_3715834	C	G	2	2	2	2	1	1	2	1	1	2	2	2	2	2	2	./.	2	2	2	2	2	2	2	2	2	2	2	2	2	2	2	2	2	2	2	./.	2	1	2	1	2	2	2	1	2	2	2	2	2	2	2	2	2	2	1	1	2	2	1	1	1	1	2	2	2	2	2	2	2	2	2	2	2	1	1	1	1	1	1	2
NC_037643.1_3909580	G	A	1	1	1	2	1	2	2	1	1	2	2	2	2	2	2	2	2	2	2	2	2	2	2	2	2	2	2	2	2	2	2	2	2	2	2	2	2	1	2	0	2	2	2	2	1	2	1	2	1	2	1	2	2	1	1	0	1	2	1	2	2	1	1	2	2	2	2	2	1	1	1	2	2	1	2	1	2	2	1	2
NC_037643.1_4088208	G	A	2	2	2	2	1	1	1	2	2	2	2	2	2	2	2	2	2	2	2	2	2	2	2	2	2	2	2	2	2	2	2	2	2	2	2	2	2	1	2	1	2	2	2	2	2	2	2	2	2	2	2	2	2	2	2	2	2	2	2	2	2	2	2	2	2	2	2	2	2	2	2	2	2	2	2	2	2	2	2	2
NC_037643.1_5934704	C	T	2	2	2	2	2	1	2	2	2	2	2	2	2	2	2	./.	2	2	2	2	2	2	2	2	2	2	2	2	2	2	2	./.	2	2	2	1	2	2	2	0	1	2	1	2	1	2	0	2	1	2	1	2	2	1	2	1	2	2	2	2	2	2	2	2	1	1	2	1	1	1	1	1	1	2	2	2	2	2	2	2
NC_037643.1_14651200	C	T	2	1	1	1	0	2	2	1	1	2	2	2	2	2	2	2	2	2	2	2	2	2	2	2	2	2	2	2	2	2	2	2	2	2	2	2	2	1	1	2	1	2	1	1	1	1	1	2	2	2	2	2	2	2	2	2	2	2	2	2	2	2	2	1	2	2	2	1	2	2	2	2	2	2	2	2	2	2	1	2
NC_037643.1_14669642	A	G	./.	./.	./.	./.	./.	./.	0	./.	0	./.	./.	./.	0	./.	0	./.	0	0	0	0	./.	./.	0	0	0	./.	0	0	0	0	0	0	0	0	0	./.	./.	./.	./.	0	0	0	./.	./.	./.	./.	./.	./.	0	./.	./.	0	0	./.	./.	0	0	./.	./.	./.	./.	./.	./.	0	0	0	0	0	./.	0	./.	0	./.	0	0	0	0	./.	./.	./.
NC_037643.1_15782724	C	T	1	2	2	2	2	2	2	2	2	1	2	2	2	2	2	2	2	2	2	2	2	2	2	2	2	2	2	2	2	2	2	2	2	2	2	1	2	1	2	1	2	2	2	2	2	2	2	1	1	1	0	1	2	2	2	2	2	2	1	1	1	0	2	0	0	0	1	1	1	2	2	2	2	2	1	2	1	1	1	2
NC_037644.1_2382089	T	C	1	0	1	0	0	0	0	0	0	0	0	0	0	1	1	1	1	0	1	0	0	0	0	1	0	0	1	1	1	0	1	0	1	0	0	0	0	0	0	0	1	0	0	0	0	0	0	0	0	0	0	0	0	0	0	0	0	0	0	0	0	0	0	0	0	0	0	0	1	0	0	0	0	0	0	0	1	0	0	0
NC_037644.1_2382630	G	A	2	2	2	2	2	2	2	2	2	2	2	2	2	2	2	2	2	2	2	2	2	2	2	2	2	2	./.	2	2	2	2	2	2	2	2	2	2	2	2	2	2	./.	2	2	2	2	2	2	2	2	2	2	./.	2	2	2	2	2	2	2	2	2	2	2	2	2	2	2	2	2	2	2	2	2	2	2	2	2	2	2
NC_037644.1_2752285	C	T	1	0	1	1	1	2	2	2	./.	2	1	2	2	1	2	2	1	1	1	1	1	2	2	1	1	2	2	2	2	2	1	2	2	2	0	1	2	2	1	2	1	2	1	1	2	1	2	1	1	2	0	2	2	1	2	2	2	2	2	2	2	2	2	2	2	2	2	2	2	2	2	2	2	2	2	2	2	0	1	2
NC_037644.1_2753183	G	A	2	2	1	1	1	0	1	1	2	2	1	2	2	1	2	./.	2	2	2	1	1	2	2	2	1	2	2	2	2	2	1	2	1	1	0	1	2	2	0	0	0	2	0	0	1	1	2	2	1	2	1	1	1	1	1	1	1	2	2	2	2	1	2	1	1	1	1	1	2	1	1	1	1	2	2	2	2	1	1	2
NC_037644.1_2753570	G	A	2	2	1	1	1	2	2	1	1	2	2	2	2	1	2	1	2	2	2	0	1	2	0	2	2	2	1	1	2	2	1	./.	1	1	1	1	2	2	0	0	0	2	2	2	2	2	1	1	2	2	1	2	1	2	1	2	2	0	2	2	1	2	1	2	1	1	1	1	1	2	./.	2	1	2	2	1	2	0	1	1
NC_037644.1_7325209	G	A	0	0	0	0	0	1	1	1	1	1	2	2	2	2	1	1	2	2	1	2	2	2	1	1	2	2	2	2	2	2	./.	2	2	2	1	1	1	2	0	2	2	0	1	0	1	1	1	1	0	0	0	0	0	1	0	2	1	2	1	2	1	2	1	0	1	0	0	0	2	2	1	./.	1	2	2	2	1	0	0	0
NC_037644.1_9400200	A	G	0	0	0	0	0	0	0	0	0	0	0	0	0	0	0	0	0	0	0	0	0	0	0	0	0	0	0	0	0	0	0	0	0	0	0	0	0	0	0	0	0	0	0	0	0	0	0	0	0	0	0	0	0	0	0	0	0	0	0	0	0	0	0	0	0	0	0	0	0	0	0	0	./.	0	0	0	0	0	0	0
NC_037644.1_11447146	C	T	2	2	2	1	2	1	2	2	1	2	2	2	2	2	2	2	2	2	2	1	2	2	2	2	2	2	2	2	2	1	2	2	2	2	2	./.	2	2	2	2	2	2	0	2	1	1	1	2	1	1	2	1	1	1	1	2	1	1	1	2	1	2	1	2	2	2	2	2	2	2	2	1	2	1	1	2	2	1	2	1
NC_037644.1_11903986	A	G	0	0	0	0	0	0	0	0	0	0	0	0	0	0	0	0	0	0	0	0	0	0	0	0	0	0	0	0	0	0	0	0	0	0	0	0	0	0	0	0	0	0	1	0	0	0	./.	0	0	0	0	0	0	0	./.	0	0	0	0	0	0	0	0	0	0	0	0	0	0	0	0	0	0	./.	1	./.	0	0	0	0
NC_037644.1_12022005	G	A	2	2	2	2	1	2	2	2	2	2	2	2	2	2	2	2	2	2	2	2	1	2	2	2	2	2	2	2	2	2	2	2	2	2	2	1	2	1	0	1	1	2	2	0	1	2	2	1	2	1	2	1	1	2	2	1	1	1	1	1	1	2	1	2	2	2	2	2	2	2	./.	2	2	2	2	2	0	2	2	2
NC_037645.1_686099	A	G	0	0	0	0	0	1	0	0	0	0	0	0	0	0	0	0	1	./.	0	0	0	0	0	2	0	0	1	1	1	0	0	0	2	1	0	./.	0	0	1	0	0	0	0	0	0	0	0	1	0	1	0	0	0	0	2	0	0	0	0	0	1	0	1	1	1	0	0	0	0	0	./.	0	0	1	1	./.	1	0	0	0
NC_037645.1_686143	C	T	2	2	2	2	2	1	2	2	2	2	2	2	2	2	2	2	1	./.	2	2	2	2	2	0	2	2	1	1	0	2	2	2	0	1	2	./.	2	2	1	2	2	2	./.	2	2	2	2	1	2	1	2	2	2	2	2	2	2	2	2	2	1	2	1	1	1	2	2	2	2	2	1	2	2	1	./.	2	1	2	2	2
NC_037645.1_686601	A	C	0	1	0	0	0	0	0	0	0	1	0	0	0	0	0	0	0	0	0	0	1	0	0	1	0	1	1	1	1	1	0	0	1	1	0	1	0	0	1	0	0	1	0	0	0	0	0	2	0	2	1	1	0	0	0	0	1	1	1	1	0	0	0	1	1	0	0	0	1	0	0	0	0	1	1	1	0	0	0	0
NC_037645.1_686789	C	T	2	1	2	2	2	2	1	2	1	0	2	2	2	2	2	2	1	1	1	1	1	1	2	1	1	1	1	1	1	0	2	2	1	1	1	1	2	2	1	2	2	1	1	2	2	2	2	0	2	0	1	1	1	2	2	2	1	1	1	1	1	2	1	1	1	2	2	2	1	2	1	1	2	1	1	1	1	2	1	2
NC_037645.1_687251	C	T	2	1	2	2	2	2	1	2	1	1	2	2	2	2	2	2	1	1	2	1	1	1	2	1	2	0	1	1	1	1	2	1	1	1	2	1	2	1	1	2	1	1	2	2	2	2	2	0	2	0	1	1	2	2	2	2	1	1	1	0	1	2	1	1	1	2	2	2	1	2	2	2	2	1	1	1	1	2	2	2
NC_037645.1_3558688	A	T	2	1	2	1	2	2	./.		0	1	1	2	2	2	1	1	0	0	1	0	1	0	1	0	0	1	2	1	1	0	0	0	1	0	0	1	2	2	2	1	2	2	1	./.	1	1	2	2	2	2	2	0	0	1	1	1	2	2	2	0	0	1	0	1	1	1	1	1	2	1	1	1	1	0	0	0	1	1	1	2
NC_037645.1_5988867	T	C	1	0	1	0	0	0	0	0	0	1	0	0	0	0	1	1	0	0	0	0	0	0	0	0	0	0	0	0	0	0	0	0	0	0	0	1	0	1	1	1	1	0	0	0	0	0	0	0	0	0	0	0	1	0	0	1	1	1	1	0	0	0	0	0	1	0	1	1	0	0	0	0	0	1	0	1	0	1	0	0
NC_037645.1_6030899	C	T	1	2	1	1	1	0	2	2	1	2	2	2	2	2	1	1	2	2	2	2	2	2	2	2	1	2	2	2	2	2	1	2	2	2	2	./.	2	1	1	2	1	1	1	1	2	1	2	1	2	0	1	1	1	1	2	1	0	1	0	2	2	2	2	1	2	1	2	2	1	1	1	1	1	2	1	2	2	1	2	1
NC_037645.1_8760228	C	T	2	1	2	1	1	1	2	2	2	2	2	2	1	2	1	2	2	2	2	2	1	2	2	2	2	2	2	2	1	2	2	2	2	2	2	./.	1	2	./.	2	2	1	./.	2	2	2	./.	2	2	1	2	2	2	2	1	2	1	2	1	1	1	2	1	1	2	1	1	1	1	2	1	2	2	2	./.	2	1	2	0	./.
NC_037646.1_8616668	G	A	2	2	2	2	2	2	2	2	2	0	2	2	2	2	1	1	2	2	1	2	2	1	2	2	2	2	2	2	2	1	2	2	2	2	1	1	0	2	2	2	2	2	2	1	2	1	0	2	1	2	1	1	2	1	2	1	2	2	2	2	1	2	1	2	2	2	2	2	2	2	2	2	2	2	2	2	2	2	1	2
NC_037646.1_8616810	T	C	2	1	2	2	2	2	2	1	2	2	2	2	2	2	2	2	1	1	2	1	1	2	2	2	0	1	2	2	2	2	2	2	2	2	2	1	2	0	0	2	1	1	2	2	1	1	2	2	2	2	2	1	1	2	2	2	2	2	2	2	2	2	2	2	2	2	2	2	2	2	2	2	1	2	2	2	2	2	2	2
NC_037646.1_8616929	G	C	2	1	2	2	1	1	1	1	1	1	2	2	2	2	2	2	1	1	2	1	1	2	2	2	0	1	2	2	2	2	2	2	2	2	2	1	2	0	0	1	1	1	2	2	1	1	2	0	1	0	2	1	1	2	2	1	0	2	0	2	2	1	2	1	2	1	2	2	1	2	2	2	1	2	2	2	2	1	2	2
NC_037647.1_5097998	A	G	NA	0	NA	NA	NA	NA	0	0	0	NA	./.	./.	./.	./.	NA	NA	./.	./.	./.	./.	./.	NA	0	NA	./.	./.	./.	./.	./.	./.	./.	NA	./.	NA	./.	./.	./.	NA	NA	./.	./.	NA	0	0	0	0	NA	NA	0	NA	0	0	NA	NA	0	0	./.	0	NA	NA	./.	./.	0	NA	NA	NA	NA	NA	./.	NA	NA	2	NA	NA	./.	./.	NA	0	./.	0
NC_037647.1_7346617	A	G	1	0	1	0	1	0	0	1	./.	0	0	0	0	0	0	0	0	0	0	0	0	0	0	0	0	0	0	0	0	0	0	0	1	0	0	./.	0	1	0	0	0	0	1	0	1	1	1	1	./.	1	0	0	0	1	1	0	1	0	1	0	0	0	0	0	0	0	0	0	0	0	0	0	0	0	1	0	1	0	1	0
NC_037647.1_7425048	C	T	1	2	1	2	1	2	2	2	2	0	2	2	1	2	2	2	2	2	1	2	2	2	1	2	1	./.	2	2	2	2	1	2	2	2	2	2	./.	1	2	2	2	2	1	2	2	1	1	2	1	1	1	2	2	2	0	2	1	2	1	1	2	2	1	2	2	2	2	2	2	2	./.	2	2	2	2	2	2	2	2	2
NC_037647.1_8641555	G	A	1	2	1	1	1	2	0	0	./.	2	2	2	2	2	2	1	2	2	2	2	2	2	2	2	2	2	2	2	2	2	2	2	2	1	2	1	0	2	2	1	2	1	2	2	1	2	2	2	0	1	0	2	2	2	2	2	2	2	2	1	0	1	1	1	1	1	2	1	1	1	2	1	1	2	2	2	2	2	2	2
NC_037648.1_9801085	T	G	1	0	1	1	0	1	0	0	0	1	1	1	1	0	0	0	1	1	0	0	0	0	0	0	0	0	0	0	0	0	0	0	0	1	0	1	0	0	1	0	0	1	2	1	2	1	2	0	0	0	0	1	2	1	1	0	0	0	0	1	1	0	1	1	1	1	1	1	0	0	0	1	1	0	1	0	0	0	1	0
NC_037648.1_15947205	C	T	0	1	0	1	1	0	2	2	2	1	2	2	2	2	2	2	2	2	2	2	2	2	2	2	2	2	2	2	2	2	2	2	2	2	2	1	2	2	2	2	1	2	2	1	2	2	2	2	1	2	1	2	2	2	2	2	1	1	2	1	1	1	1	2	2	2	2	2	2	2	2	1	1	2	2	2	2	1	2	2
NW_020555824.1_1777	G	A	2	./.	./.	2	2	2	2	2	2	./.	2	./.	2	1	2	./.	2	2	2	2	./.	2	2	1	2	2	./.	./.	2	2	2	2	2	2	2	./.	./.	2	2	2	2	./.	1	1	2	1	2	2	2	2	2	2	2	./.	2	1	./.	1	2	2	./.	./.	2	1	2	./.	./.	1	1	1	1	2	1	2	./.	2	2	1	1	1
NC_037649.1_8435932	C	T	2	2	2	2	2	2	1	1	1	2	1	2	2	2	2	2	2	2	1	2	2	2	2	0	1	2	./.	2	./.	2	1	2	2	1	2	2	1	2	./.	2	2	2	2	2	2	2	2	./.	2	2	2	2	1	2	2	1	1	2	2	2	1	2	1	1	1	1	1	1	2	./.	./.	./.	2	2	2	2	1	./.	2	1
NC_037649.1_8908334	G	C	1	0	1	0	0	1	0	0	0	0	0	0	0	0	0	0	0	0	0	0	0	0	0	0	0	1	0	0	0	0	0	0	0	0	0	./.	0	1	1	1	0	1	1	1	0	1	1	1	2	1	1	1	0	0	1	0	0	2	0	0	0	0	0	0	0	0	0	0	1	1	0	2	1	0	0	1	1	1	1	0
NC_037649.1_10490005	T	A	0	0	0	0	0	1	0	0	0	./.	0	0	0	0	0	0	0	0	0	0	0	0	0	0	0	0	0	0	0	0	0	0	0	0	0	0	0	0	0	0	1	0	0	0	0	0	0	0	0	0	0	0	0	0	0	0	0	./.	0	0	1	0	1	0	0	0	0	0	1	./.	0	0	0	0	1	0	1	0	0	0
NC_037650.1_482035	G	A	1	2	2	1	1	2	2	2	2	2	1	1	2	1	2	2	2	2	2	2	2	2	2	2	2	2	2	2	2	2	2	2	2	2	2	2	./.	2	2	1	2	1	1	2	1	2	2	1	1	0	1	2	1	1	1	1	0	2	0	2	2	2	2	1	1	1	2	2	2	2	1	1	1	2	2	2	1	2	2	1
NC_037650.1_3101514	G	A	1	1	2	1	1	2	2	2	2	2	2	2	2	2	2	2	2	2	2	2	2	2	2	2	2	2	2	2	2	2	2	2	2	2	2	2	2	2	2	2	2	2	1	2	1	2	2	1	1	1	1	2	2	2	2	0	2	2	1	2	2	2	2	2	1	2	1	2	2	2	2	2	2	2	2	2	2	2	1	1
NC_037650.1_3143196	G	A	./.	2	2	2	2	2	2	2	2	2	2	2	2	2	2	2	2	2	2	2	2	2	2	2	2	2	2	2	2	2	2	2	2	2	2	2	2	2	2	2	2	./.	2	2	2	2	2	2	2	2	2	./.	2	2	2	2	./.	2	2	2	2	2	2	./.	2	2	2	./.	2	2	2	2	2	./.	2	2	2	2	2	2
NC_037650.1_4835700	G	A	1	./.	1	./.	./.	./.	1	1	1	1	./.	./.	./.	1	./.	./.	./.	./.	2	./.	./.	1	./.	./.	./.	./.	./.	./.	./.	./.	./.	./.	./.	./.	./.	./.	./.	./.	1	1	./.	./.	./.	2	1	2	./.	1	2	1	./.	2	2	1	./.	./.	./.	./.	1	2	./.	1	2	./.	1	1	./.	2	./.	./.	./.	./.	./.	./.	./.	1	./.	./.	1	./.
NC_037650.1_5096761	C	T	2	2	2	2	2	1	2	2	2	2	2	2	2	2	1	1	2	2	2	1	1	2	2	2	2	1	2	2	2	2	2	1	2	2	2	1	0	2	2	2	2	2	2	2	2	2	2	2	2	2	2	2	2	2	2	1	1	2	2	2	2	1	2	1	2	2	2	1	2	2	2	2	2	2	2	2	2	2	2	1
NC_037651.1_1586515	G	A	2	1	2	1	1	0	1	1	1	1	2	./.	2	2	2	./.	2	2	2	2	./.	./.	2	2	2	2	./.	2	2	./.	2	./.	2	2	./.	./.	./.	1	1	1	2	2	1	0	1	1	0	./.	1	2	1	1	2	./.	1	1	0	1	1	2	1	1	1	1	2	1	1	1	./.	1	./.	1	./.	1	2	1	2	1	1	1
NC_037652.1_3666549	G	A	1	2	1	2	1	0	2	2	2	2	2	2	2	2	2	2	2	2	2	2	2	2	2	2	2	2	2	2	2	2	2	2	2	2	2	2	2	2	1	1	1	1	2	2	2	2	1	2	1	2	1	2	1	1	1	2	2	2	2	2	2	0	1	2	1	2	1	2	1	2	1	1	2	1	2	1	2	1	0	1
NC_037652.1_3747558	C	T	1	2	2	0	0	1	1	2	1	2	1	2	2	2	2	./.	2	2	2	2	2	2	1	2	2	2	2	2	2	2	2	2	2	2	2	2	2	1	2	0	2	1	1	1	1	1	1	0	2	1	2	2	1	2	2	1	1	2	1	2	2	1	1	2	1	2	1	2	1	2	1	1	2	1	1	1	2	1	0	1
NC_037652.1_8754355	G	A	0	2	0	2	0	1	2	2	2	1	2	2	2	2	2	2	2	2	2	1	./.	2	2	2	2	2	2	2	2	2	2	2	2	2	2	./.	2	2	2	2	2	2	2	1	2	2	2	2	1	2	1	2	2	2	1	2	2	2	0	2	1	2	./.	2	1	1	2	1	2	0	1	2	0	2	2	2	2	1	1	1
NC_037653.1_6438086	G	A	2	2	2	2	2	1	0	2	2	2	2	2	2	2	2	2	1	2	1	2	2	1	1	2	2	2	2	2	2	1	1	2	2	2	1	2	2	2	2	2	2	2	2	2	2	2	1	2	2	2	2	2	1	0	2	2	2	1	2	2	2	2	2	2	2	2	2	2	2	2	2	1	1	1	2	1	2	1	2	1